      -0.785
      -0.790
      -0.796
      -0.804
      -0.815
      -0.827
      -0.841
      -0.858
      -0.876
      -0.896
      -0.918
      -0.942
      -0.967
      -0.995
      -1.023
      -1.054
      -1.086
      -1.119
      -1.153
      -1.189
      -1.226
      -1.263
      -1.302
      -1.341
      -1.382
      -1.422
      -1.463
      -1.505
      -1.546
      -1.588
      -1.630
      -1.671
      -1.712
      -1.753
      -1.793
      -1.833
      -1.872
      -1.910
      -1.946
      -1.982
      -2.017
      -2.050
      -2.082
      -2.113
      -2.142
      -2.170
      -2.195
      -2.220
      -2.242
      -2.262
      -2.281
      -2.298
      -2.312
      -2.325
      -2.336
      -2.344
      -2.351
      -2.356
      -2.358
      -2.358
      -2.357
      -2.353
      -2.347
      -2.339
      -2.329
      -2.317
      -2.303
      -2.287
      -2.269
      -2.249
      -2.227
      -2.204
      -2.179
      -2.152
      -2.123
      -2.093
      -2.062
      -2.029
      -1.994
      -1.959
      -1.922
      -1.885
      -1.846
      -1.807
      -1.767
      -1.726
      -1.685
      -1.644
      -1.602
      -1.561
      -1.519
      -1.478
      -1.436
      -1.395
      -1.355
      -1.315
      -1.277
      -1.238
      -1.201
      -1.165
      -1.130
      -1.097
      -1.064
      -1.034
      -1.004
      -0.976
      -0.950
      -0.926
      -0.903
      -0.883
      -0.864
      -0.847
      -0.832
      -0.818
      -0.807
      -0.798
      -0.791
      -0.787
      -0.784
      -0.783
      -0.784
      -0.788
      -0.793
      -0.801
      -0.811
      -0.822
      -0.836
      -0.852
      -0.869
      -0.889
      -0.910
      -0.933
      -0.958
      -0.985
      -1.013
      -1.043
      -1.074
      -1.107
      -1.141
      -1.176
      -1.213
      -1.250
      -1.289
      -1.328
      -1.368
      -1.408
      -1.449
      -1.490
      -1.532
      -1.574
      -1.615
      -1.657
      -1.698
      -1.739
      -1.780
      -1.819
      -1.858
      -1.897
      -1.934
      -1.970
      -2.005
      -2.039
      -2.072
      -2.103
      -2.132
      -2.161
      -2.187
      -2.212
      -2.235
      -2.256
      -2.275
      -2.292
      -2.308
      -2.321
      -2.333
      -2.342
      -2.349
      -2.354
      -2.358
      -2.359
      -2.358
      -2.355
      -2.349
      -2.342
      -2.333
      -2.322
      -2.308
      -2.293
      -2.276
      -2.256
      -2.235
      -2.212
      -2.188
      -2.161
      -2.133
      -2.104
      -2.073
      -2.040
      -2.006
      -1.971
      -1.935
      -1.898
      -1.860
      -1.821
      -1.781
      -1.740
      -1.700
      -1.658
      -1.617
      -1.575
      -1.533
      -1.492
      -1.450
      -1.409
      -1.369
      -1.329
      -1.290
      -1.251
      -1.214
      -1.177
      -1.142
      -1.108
      -1.075
      -1.044
      -1.014
      -0.986
      -0.959
      -0.934
      -0.911
      -0.889
      -0.870
      -0.852
      -0.836
      -0.823
      -0.811
      -0.801
      -0.793
      -0.788
      -0.784
      -0.783
      -0.783
      -0.786
      -0.791
      -0.798
      -0.807
      -0.818
      -0.831
      -0.846
      -0.863
      -0.882
      -0.902
      -0.925
      -0.949
      -0.975
      -1.003
      -1.032
      -1.063
      -1.096
      -1.129
      -1.164
      -1.200
      -1.237
      -1.275
      -1.314
      -1.354
      -1.394
      -1.435
      -1.476
      -1.518
      -1.559
      -1.601
      -1.643
      -1.684
      -1.725
      -1.766
      -1.806
      -1.845
      -1.884
      -1.921
      -1.958
      -1.993
      -2.028
      -2.061
      -2.092
      -2.123
      -2.151
      -2.178
      -2.203
      -2.227
      -2.249
      -2.269
      -2.287
      -2.303
      -2.317
      -2.329
      -2.339
      -2.347
      -2.353
      -2.357
      -2.359
      -2.358
      -2.356
      -2.352
      -2.345
      -2.336
      -2.326
      -2.313
      -2.299
      -2.282
      -2.263
      -2.243
      -2.221
      -2.197
      -2.171
      -2.143
      -2.114
      -2.084
      -2.052
      -2.018
      -1.984
      -1.948
      -1.911
      -1.873
      -1.834
      -1.795
      -1.755
      -1.714
      -1.673
      -1.631
      -1.589
      -1.548
      -1.506
      -1.465
      -1.424
      -1.383
      -1.343
      -1.303
      -1.264
      -1.227
      -1.190
      -1.154
      -1.120
      -1.086
      -1.054
      -1.024
      -0.995
      -0.968
      -0.942
      -0.918
      -0.896
      -0.876
      -0.858
      -0.841
      -0.827
      -0.814
      -0.804
      -0.796
      -0.789
      -0.785
      -0.783
      -0.783
      -0.785
      -0.789
      -0.795
      -0.803
      -0.814
      -0.826
      -0.840
      -0.857
      -0.875
      -0.895
      -0.917
      -0.941
      -0.966
      -0.993
      -1.022
      -1.052
      -1.084
      -1.117
      -1.152
      -1.187
      -1.224
      -1.262
      -1.300
      -1.340
      -1.380
      -1.421
      -1.462
      -1.503
      -1.545
      -1.587
      -1.628
      -1.670
      -1.711
      -1.752
      -1.792
      -1.832
      -1.870
      -1.908
      -1.945
      -1.981
      -2.016
      -2.050
      -2.082
      -2.112
      -2.142
      -2.169
      -2.195
      -2.219
      -2.242
      -2.262
      -2.281
      -2.298
      -2.312
      -2.325
      -2.336
      -2.345
      -2.351
      -2.356
      -2.359
      -2.359
      -2.357
      -2.354
      -2.348
      -2.340
      -2.330
      -2.318
      -2.304
      -2.288
      -2.270
      -2.250
      -2.229
      -2.205
      -2.180
      -2.153
      -2.125
      -2.095
      -2.063
      -2.030
      -1.996
      -1.961
      -1.924
      -1.886
      -1.848
      -1.809
      -1.769
      -1.728
      -1.687
      -1.646
      -1.604
      -1.562
      -1.521
      -1.479
      -1.438
      -1.397
      -1.357
      -1.317
      -1.278
      -1.240
      -1.202
      -1.166
      -1.131
      -1.098
      -1.065
      -1.034
      -1.005
      -0.977
      -0.951
      -0.926
      -0.904
      -0.883
      -0.864
      -0.847
      -0.832
      -0.818
      -0.807
      -0.798
      -0.791
      -0.786
      -0.783
      -0.782
      -0.784
      -0.787
      -0.793
      -0.800
      -0.810
      -0.821
      -0.835
      -0.851
      -0.868
      -0.888
      -0.909
      -0.932
      -0.957
      -0.983
      -1.012
      -1.041
      -1.073
      -1.105
      -1.139
